sanskrit
45
12
24
ah
6
8
70
24
83
36
54
12
54
12
54
36
54
36
33
24
29
24
29
16
25
4
29
4
37
40
75
40
58
40
41
40
25
28
50
28
50
44
50
40
66
32
75
36
75
44
75
48
75
aah
7
8
70
24
83
36
54
12
54
12
54
36
54
36
33
24
29
24
29
16
25
4
29
4
37
40
75
40
58
40
41
40
25
28
50
28
50
44
50
40
66
56
75
56
58
56
45
56
25
32
75
40
75
52
75
64
75
ih
6
24
75
24
75
24
66
24
62
24
62
0
70
4
50
16
50
16
50
36
50
32
20
16
25
-8
75
8
75
24
75
40
75
16
25
4
29
0
41
16
37
16
37
24
29
20
25
20
12
ieh
7
24
75
0
83
12
108
32
91
24
75
24
75
24
66
24
62
24
62
0
70
4
50
16
50
16
50
36
50
32
20
16
25
-8
75
8
75
24
75
40
75
16
25
4
29
0
41
16
37
16
37
24
29
20
25
20
12
ou
5
16
58
16
66
24
70
32
66
32
66
40
58
32
50
28
50
24
50
48
50
44
25
28
25
28
25
20
25
12
33
8
41
0
75
16
75
32
75
48
75
oou
7
16
58
16
66
24
70
32
66
32
66
40
58
32
50
28
50
24
50
48
50
44
25
28
25
28
25
20
25
12
33
8
41
40
41
36
50
40
58
48
50
48
50
52
45
56
41
56
33
0
75
16
75
32
75
48
75
ru
6
24
75
24
62
24
41
24
25
0
75
16
75
32
75
48
75
4
58
12
66
20
58
24
50
24
50
16
41
12
37
8
33
24
50
52
50
40
66
36
62
36
62
28
45
52
41
36
29
yaeh
4
0
75
16
75
32
75
48
75
40
75
40
58
40
41
32
41
8
75
8
62
8
58
8
54
8
54
8
33
52
29
40
8
eye
6
0
75
16
75
32
75
48
75
40
75
40
58
40
41
32
41
8
75
8
62
8
58
8
54
8
54
8
33
52
29
40
8
16
95
0
87
0
100
16
95
16
95
28
91
36
83
40
75
ooh
9
8
70
24
83
36
54
12
54
12
54
36
54
36
33
24
29
24
29
16
25
4
29
4
37
40
75
40
58
40
41
40
25
28
50
28
50
44
50
40
66
56
75
56
58
56
45
56
25
32
75
40
75
52
75
64
75
40
95
24
104
24
91
40
95
40
95
44
91
52
83
56
75
au
11
8
70
24
83
36
54
12
54
12
54
36
54
36
33
24
29
24
29
16
25
4
29
4
37
40
75
40
58
40
41
40
25
28
50
28
50
44
50
40
66
56
75
56
58
56
45
56
25
32
75
40
75
52
75
64
75
40
95
24
104
24
91
40
95
40
95
44
91
52
83
56
75
32
87
16
91
24
83
32
87
32
87
40
83
48
79
56
75
ka
6
24
75
24
62
24
41
24
25
24
54
20
66
4
66
4
54
4
54
4
41
20
41
24
50
24
50
28
62
36
62
40
58
40
58
48
50
40
41
32
37
0
75
16
75
32
75
48
75
kha
6
56
75
56
62
56
41
56
25
56
54
52
66
40
58
40
50
40
50
40
41
48
37
56
45
24
75
28
41
16
45
8
58
0
75
20
75
48
75
64
75
8
58
12
41
24
25
40
25
ga
5
0
75
16
75
32
75
48
75
40
75
40
58
40
41
40
25
20
75
20
66
20
58
20
50
20
50
24
33
4
29
8
50
8
50
12
54
16
54
20
54
gha
4
40
75
40
58
40
41
40
25
24
58
-4
54
20
20
40
50
16
75
8
70
8
58
24
58
0
75
16
75
32
75
48
75
nga
6
36
75
36
75
36
66
36
62
36
62
12
66
16
54
24
50
24
50
52
50
44
25
28
25
28
25
20
25
12
33
8
41
0
75
16
75
32
75
48
75
48
50
40
50
52
58
48
50
cha
4
8
62
16
62
24
62
28
62
28
62
4
50
32
20
40
54
40
75
40
58
40
41
40
25
0
75
16
75
32
75
48
75
chha
7
0
75
16
75
32
75
48
75
28
50
24
62
36
66
40
54
40
54
44
41
40
25
24
25
24
25
8
20
0
41
16
45
16
45
0
41
4
66
16
66
28
50
28
45
36
41
40
41
32
75
32
70
32
66
32
62
ja
5
16
41
28
33
36
50
20
58
16
41
12
45
8
50
4
58
40
75
40
58
40
41
40
25
20
58
28
58
32
58
40
58
0
75
16
75
32
75
48
75
jha
8
24
75
24
75
24
66
24
62
24
62
0
70
4
50
16
50
16
50
36
50
32
20
16
25
-8
75
8
75
24
75
50
75
16
25
4
29
0
41
16
37
16
37
24
29
20
25
20
12
28
45
32
45
36
45
40
45
40
75
40
58
40
41
40
25
nja
4
0
75
16
75
32
75
48
75
40
75
40
58
40
41
40
25
12
66
36
58
20
33
4
50
24
54
28
54
36
54
40
54
tta
4
0
75
16
75
32
75
48
75
24
75
24
75
24
62
24
62
24
62
12
62
4
54
4
41
4
41
8
20
36
20
40
37
ttha
5
0
75
16
75
32
75
48
75
24
75
24
75
24
62
24
62
24
62
12
62
4
54
4
41
4
41
8
20
36
20
40
37
40
37
44
50
36
62
24
62
dda
5
36
75
36
75
36
66
36
62
36
62
12
66
16
54
24
50
24
50
52
50
44
25
28
25
28
25
20
25
12
33
8
41
0
75
16
75
32
75
48
75
ddha
5
0
75
16
75
32
75
48
75
24
75
24
75
24
62
24
62
24
62
12
62
4
54
4
41
4
41
8
20
36
20
40
37
40
37
44
54
20
45
32
29
nna
4
0
75
16
75
32
75
48
75
40
75
40
58
40
41
40
25
8
75
8
70
8
66
8
62
8
62
8
37
28
33
28
75
tha
5
0
75
16
75
32
75
48
75
40
75
40
58
40
41
40
25
40
58
36
58
32
58
28
58
28
58
16
58
8
54
12
45
12
45
16
37
24
25
24
25
thha
4
40
75
40
58
40
41
40
25
12
70
16
83
32
66
12
58
12
58
0
50
20
25
40
54
32
75
32
75
44
75
48
75
da
5
0
75
16
75
32
75
48
75
32
50
24
45
32
33
40
25
32
37
40
37
36
50
32
50
32
66
0
66
4
37
32
37
32
75
32
75
32
66
32
66
dha
5
40
75
40
58
40
41
40
25
24
58
-4
54
20
20
40
50
16
70
24
58
32
79
16
75
16
75
8
70
8
58
24
58
32
75
36
75
44
75
48
75
na
5
0
75
16
75
32
75
48
75
40
75
40
58
40
41
40
25
40
58
36
58
32
58
28
58
28
58
16
58
8
54
12
45
12
45
20
41
24
54
20
58
pa
3
0
75
12
75
20
75
32
75
24
75
24
62
24
41
24
25
4
75
4
62
4
33
24
45
pha
4
24
75
24
62
24
41
24
25
4
75
4
62
4
33
24
45
24
45
40
58
52
45
36
33
0
75
16
75
32
75
48
75
ba
5
0
75
12
75
20
75
32
75
24
75
24
62
24
41
24
25
24
54
20
70
4
66
4
50
4
50
4
41
16
33
24
45
8
62
8
62
20
41
20
41
bha
7
40
75
40
58
40
41
40
25
16
37
16
25
4
29
8
41
8
41
12
45
16
45
24
45
24
45
28
45
36
45
40
45
16
58
16
50
16
41
16
37
32
75
32
75
44
75
48
75
4
62
4
83
20
75
16
58
ma
6
40
75
40
58
40
41
40
25
16
75
16
66
16
50
16
37
16
37
16
25
4
29
8
41
8
41
12
45
16
45
24
45
0
75
16
75
32
75
48
75
24
45
28
45
36
45
40
45
ya
4
24
75
24
62
24
41
24
25
0
75
12
75
20
75
32
75
4
75
16
70
16
54
4
54
4
54
8
41
20
41
24
54
ra
3
24
75
28
41
16
45
8
58
8
58
16
41
20
33
24
25
0
75
12
75
20
75
32
75
la
4
0
75
16
75
32
75
48
75
40
75
40
58
40
41
40
25
12
29
-8
54
28
62
24
37
24
37
24
54
40
58
40
45
va
4
0
75
12
75
20
75
32
75
24
75
24
62
24
41
24
25
24
54
20
70
4
66
4
50
4
50
4
41
16
33
24
45
ca
6
16
75
32
75
28
37
16
33
16
33
4
29
4
41
8
41
8
41
20
41
28
29
32
25
24
58
8
50
8
75
20
75
40
75
40
58
40
41
40
25
32
75
32
75
44
75
48
75
sha
4
0
75
12
75
20
75
32
75
24
75
24
62
24
41
24
25
4
75
4
62
4
33
24
45
4
75
4
75
24
45
24
45
sa
5
32
75
32
62
32
41
32
25
20
75
24
41
12
45
4
58
4
58
12
41
16
33
20
25
4
58
16
41
24
41
32
50
0
75
12
75
24
75
40
75
ha
6
28
66
24
66
8
66
16
54
24
41
36
37
36
50
28
54
28
54
8
58
4
45
12
37
12
37
20
29
36
25
40
25
28
75
28
75
28
66
28
66
0
75
16
75
32
75
48
75
ksha
7
40
75
40
58
40
41
40
25
12
66
8
79
28
79
20
58
20
58
16
50
4
50
4
37
4
37
8
25
24
25
28
37
28
37
32
50
8
41
24
16
12
66
16
54
32
54
40
54
28
75
36
75
40
75
48
75
